U_A1 / V	U_B1 / V
0,01	-0,12
0,01	-0,12
0,01	-0,12
0,01	-0,12
0,01	-0,12
0,01	-0,12
0,01	-0,12
0,01	-0,12
0,04	-0,12
0,07	-0,12
0,10	-0,12
0,12	-0,12
0,15	-0,12
0,18	-0,12
0,21	-0,12
0,24	-0,12
0,27	-0,12
0,30	-0,12
0,33	-0,12
0,36	-0,12
0,39	-0,12
0,42	-0,12
0,45	-0,12
0,48	-0,12
0,51	-0,12
0,54	-0,12
0,56	-0,12
0,59	-0,12
0,63	-0,12
0,66	-0,12
0,69	-0,12
0,71	-0,12
0,74	-0,12
0,77	-0,12
0,80	-0,12
0,83	-0,12
0,86	-0,12
0,90	-0,12
0,92	-0,12
0,95	-0,12
0,98	-0,12
1,01	-0,10
1,03	-0,10
1,06	-0,04
1,09	0,12
1,13	0,27
1,15	0,39
1,18	0,48
1,21	0,58
1,24	0,68
1,27	0,81
1,30	0,82
1,33	1,00
1,36	1,00
1,39	1,06
1,42	1,14
1,45	1,22
1,48	1,26
1,50	1,33
1,53	1,40
1,56	1,47
1,59	1,53
1,62	1,60
1,65	1,65
1,68	1,73
1,71	1,78
1,74	1,83
1,76	1,86
1,79	1,83
1,82	1,74
1,85	1,57
1,88	1,41
1,92	1,26
1,94	1,08
1,97	0,92
2,00	0,73
2,02	0,56
2,06	0,42
2,08	0,27
2,12	0,14
2,14	0,03
2,17	-0,04
2,20	-0,09
2,23	-0,10
2,25	-0,10
2,29	-0,12
2,31	-0,12
2,34	-0,12
2,38	-0,12
2,40	-0,14
2,43	-0,12
2,46	-0,12
2,49	-0,14
2,52	-0,12
2,54	-0,12
2,58	-0,14
2,60	-0,14
2,63	-0,14
2,66	-0,12
2,69	-0,12
2,72	-0,12
2,75	-0,04
2,78	0,34
2,81	0,68
2,83	0,94
2,86	1,14
2,90	1,49
2,92	1,51
2,94	2,01
2,98	2,00
3,01	2,22
3,04	2,40
3,06	2,56
3,10	2,70
3,12	2,88
3,15	3,00
3,18	3,17
3,21	3,30
3,24	3,42
3,27	3,54
3,29	3,65
3,32	3,78
3,35	3,90
3,38	4,02
3,41	4,09
3,44	4,25
3,46	4,30
3,49	4,33
3,52	4,29
3,55	4,18
3,58	4,00
3,61	3,85
3,63	3,71
3,67	3,56
3,69	3,36
3,73	3,19
3,75	2,96
3,77	2,73
3,81	2,54
3,84	2,33
3,87	2,12
3,90	1,94
3,92	1,75
3,95	1,54
3,98	1,35
4,00	1,14
4,04	0,97
4,07	0,80
4,09	0,58
4,13	0,39
4,15	0,21
4,18	0,06
4,21	-0,04
4,24	-0,06
4,26	-0,07
4,29	-0,10
4,33	-0,10
4,35	-0,10
4,38	-0,10
4,41	-0,09
4,43	-0,04
4,46	0,06
4,49	0,09
4,52	0,33
4,55	0,32
4,58	0,48
4,61	0,72
4,64	0,97
4,67	1,20
4,69	1,43
4,72	1,62
4,75	1,81
4,78	2,02
4,80	2,27
4,83	2,55
4,86	2,73
4,89	2,94
4,92	3,13
4,95	3,39
4,97	3,60
5,00	3,83
5,03	4,04
5,06	4,23
5,08	4,46
5,12	4,70
5,14	4,88
5,17	5,05
5,20	5,21
5,23	5,31
5,25	5,40
5,29	5,46
5,31	5,49
5,34	5,52
5,37	5,54
5,39	5,54
5,43	5,50
5,46	5,46
5,49	5,37
5,51	5,28
5,54	5,21
5,57	5,10
5,59	5,01
5,62	4,88
5,66	4,74
5,68	4,59
5,71	4,42
5,74	4,28
5,76	4,09
5,79	3,90
5,82	3,69
5,85	3,50
5,88	3,27
5,91	3,09
5,93	2,87
5,96	2,67
5,99	2,46
6,01	2,38
6,04	2,08
6,08	2,19
6,10	2,01
6,13	1,95
6,16	1,88
6,18	1,77
6,21	1,68
6,24	1,64
6,26	1,67
6,29	1,71
6,33	1,77
6,35	1,84
6,38	1,84
6,41	1,91
6,44	1,98
6,46	2,08
6,50	2,21
6,52	2,33
6,55	2,43
6,58	2,60
6,61	2,75
6,63	2,92
6,66	3,09
6,69	3,25
6,71	3,48
6,74	3,69
6,77	3,88
6,80	4,16
6,83	4,37
6,86	4,61
6,88	4,84
6,91	5,10
6,94	5,33
6,97	5,52
6,99	5,71
7,02	5,96
7,05	6,17
7,08	6,34
7,11	6,53
7,13	6,72
7,16	6,86
7,19	6,99
7,21	7,16
7,24	7,28
7,27	7,39
7,29	7,53
7,33	7,67
7,36	7,70
7,38	7,75
7,41	7,83
7,43	7,89
7,46	7,91
7,49	7,91
7,52	7,96
7,54	8,05
7,58	7,88
7,60	8,01
7,63	7,83
7,66	7,80
7,68	7,72
7,71	7,68
7,74	7,62
7,76	7,65
7,79	7,63
7,82	7,56
7,86	7,42
7,88	7,39
7,91	7,37
7,92	7,30
7,92	7,29
7,92	7,32
7,92	7,33
7,93	7,32
7,93	7,32
7,92	7,33
7,92	7,33
7,93	7,33
7,92	7,32
7,93	7,32
7,92	7,37
7,92	7,35
7,92	7,35
7,92	7,35
7,92	7,35
