U_A1 / V	U_B1 / V
0,01	-0,14
0,01	-0,14
0,01	-0,14
0,01	-0,14
0,01	-0,14
0,01	-0,14
0,01	-0,14
0,02	-0,14
0,05	-0,14
0,09	-0,14
0,11	-0,14
0,14	-0,14
0,17	-0,14
0,20	-0,14
0,23	-0,14
0,26	-0,14
0,29	-0,14
0,32	-0,14
0,35	-0,14
0,38	-0,14
0,41	-0,14
0,43	-0,14
0,47	-0,14
0,49	-0,14
0,53	-0,14
0,55	-0,14
0,58	-0,14
0,61	-0,14
0,64	-0,14
0,67	-0,14
0,70	-0,14
0,73	-0,14
0,76	-0,14
0,79	-0,14
0,81	-0,14
0,85	-0,14
0,88	-0,12
0,91	-0,10
0,94	-0,01
0,96	0,09
0,99	0,18
1,02	0,30
1,05	0,39
1,08	0,48
1,11	0,57
1,14	0,63
1,17	0,73
1,20	0,80
1,23	0,89
1,25	0,93
1,28	1,00
1,31	1,06
1,34	1,14
1,37	1,20
1,41	1,26
1,43	1,33
1,46	1,40
1,49	1,47
1,51	1,53
1,54	1,59
1,57	1,67
1,60	1,73
1,64	1,80
1,67	1,88
1,69	1,92
1,72	1,98
1,75	2,00
1,78	2,00
1,80	1,91
1,83	1,74
1,86	1,54
1,90	1,38
1,92	1,20
1,95	1,02
1,98	0,85
2,01	0,65
2,04	0,48
2,06	0,33
2,10	0,23
2,13	0,10
2,15	0,00
2,18	-0,06
2,21	-0,09
2,24	-0,10
2,27	-0,14
2,29	-0,14
2,33	-0,14
2,35	-0,14
2,38	-0,15
2,42	-0,15
2,44	-0,15
2,48	-0,15
2,50	-0,15
2,52	-0,14
2,56	-0,14
2,59	-0,09
2,62	0,24
2,65	0,63
2,67	0,92
2,71	1,17
2,73	1,36
2,76	1,57
2,79	1,84
2,82	2,01
2,85	2,29
2,87	2,49
2,90	2,65
2,94	2,85
2,96	3,00
2,99	3,13
3,02	3,30
3,05	3,45
3,08	3,60
3,10	3,71
3,13	3,84
3,16	3,98
3,19	4,11
3,22	4,23
3,25	4,33
3,27	4,44
3,31	4,54
3,33	4,65
3,36	4,75
3,39	4,84
3,42	4,91
3,44	4,95
3,48	5,01
3,50	4,96
3,53	4,82
3,56	4,63
3,59	4,47
3,62	4,29
3,65	4,11
3,67	3,87
3,71	3,65
3,73	3,42
3,76	3,18
3,79	2,96
3,81	2,73
3,85	2,50
3,88	2,29
3,90	2,12
3,93	1,92
3,96	1,70
3,99	1,49
4,02	1,29
4,04	1,13
4,08	0,93
4,11	0,73
4,13	0,60
4,16	0,42
4,19	0,30
4,21	0,23
4,25	0,30
4,27	0,49
4,30	0,70
4,33	0,77
4,36	0,92
4,38	0,92
4,42	1,14
4,44	1,32
4,47	1,57
4,50	1,81
4,53	2,00
4,55	2,19
4,58	2,40
4,62	2,61
4,64	2,83
4,67	3,06
4,70	3,29
4,72	3,48
4,75	3,71
4,78	3,94
4,81	4,16
4,83	4,39
4,87	4,59
4,89	4,82
4,92	5,04
4,95	5,26
4,97	5,47
5,01	5,70
5,04	5,91
5,07	6,11
5,09	6,32
5,12	6,50
5,15	6,67
5,18	6,83
5,21	6,93
5,24	6,99
5,26	7,02
5,29	7,02
5,32	7,04
5,35	7,04
5,38	7,00
5,41	6,96
5,43	6,88
5,46	6,79
5,49	6,66
5,51	6,55
5,54	6,43
5,57	6,30
5,60	6,17
5,63	6,00
5,65	5,83
5,68	5,66
5,71	5,47
5,74	5,29
5,77	5,10
5,79	4,88
5,83	4,67
5,85	4,47
5,88	4,20
5,91	4,20
5,93	3,99
5,96	4,08
6,00	4,02
6,02	3,90
6,05	3,81
6,07	3,71
6,10	3,71
6,13	3,75
6,16	3,81
6,18	3,84
6,21	3,85
6,25	3,87
6,27	3,93
6,30	4,02
6,33	4,11
6,36	4,23
6,38	4,35
6,42	4,46
6,43	4,61
6,47	4,65
6,50	4,91
6,52	5,10
6,55	5,28
6,58	5,49
6,61	5,70
6,63	5,89
6,67	6,13
6,69	6,36
6,72	6,62
6,75	6,87
6,77	7,09
6,80	7,39
6,83	7,65
6,86	7,92
6,88	8,19
6,92	8,45
6,94	8,67
6,96	8,88
7,00	9,09
7,02	9,30
7,05	9,54
7,08	9,71
7,11	9,88
7,13	10,06
7,16	10,21
7,19	10,35
7,21	10,46
7,24	10,57
7,27	10,71
7,29	10,81
7,33	10,90
7,36	10,98
7,38	10,99
7,41	10,89
7,43	11,10
7,46	10,89
7,49	11,09
7,52	11,09
7,55	11,09
7,57	11,12
7,60	11,16
7,63	11,16
7,66	11,18
7,68	11,14
7,71	11,12
7,74	11,05
7,77	11,13
7,79	11,19
7,83	11,19
7,85	11,27
7,88	11,27
7,90	11,27
7,92	11,23
7,92	11,22
7,92	11,22
7,93	11,22
7,92	11,22
7,92	11,25
7,93	11,21
7,92	11,21
7,92	11,22
7,93	11,23
7,92	11,22
7,92	11,18
7,92	11,19
7,92	11,18
7,92	11,19
7,93	11,18
