U_A1 / V	U_B1 / V
0,01	0,26
0,01	0,28
0,01	0,26
0,01	0,26
0,01	0,27
0,01	0,26
0,01	0,27
0,01	0,26
0,01	0,26
0,02	0,26
0,05	0,27
0,08	0,28
0,11	0,27
0,14	0,27
0,17	0,28
0,20	0,26
0,23	0,28
0,26	0,26
0,29	0,30
0,33	0,30
0,35	0,32
0,39	0,32
0,41	0,32
0,45	0,32
0,47	0,32
0,51	0,32
0,53	0,33
0,56	0,33
0,59	0,33
0,62	0,33
0,66	0,33
0,69	0,33
0,71	0,34
0,74	0,34
0,77	0,34
0,80	0,34
0,83	0,34
0,86	0,36
0,89	0,36
0,92	0,36
0,95	0,38
0,98	0,41
1,01	0,54
1,03	0,70
1,07	0,85
1,10	0,97
1,13	1,08
1,16	1,19
1,19	1,27
1,22	1,36
1,25	1,44
1,27	1,51
1,31	1,59
1,33	1,67
1,36	1,74
1,39	1,81
1,43	1,88
1,46	1,95
1,49	2,01
1,51	2,07
1,54	2,15
1,57	2,21
1,60	2,27
1,63	2,33
1,66	2,40
1,69	2,44
1,72	2,50
1,75	2,55
1,77	2,56
1,80	2,50
1,83	2,38
1,86	2,19
1,89	2,04
1,92	1,84
1,95	1,68
1,98	1,50
2,01	1,30
2,04	1,14
2,06	0,96
2,10	0,84
2,13	0,72
2,15	0,61
2,18	0,49
2,21	0,43
2,24	0,36
2,27	0,30
2,30	0,26
2,33	0,23
2,36	0,18
2,38	0,15
2,42	0,14
2,44	0,12
2,48	0,10
2,50	0,09
2,53	0,07
2,56	0,07
2,59	0,07
2,62	0,07
2,65	0,14
2,68	0,32
2,71	0,68
2,73	1,06
2,77	1,40
2,79	1,62
2,83	1,81
2,85	2,00
2,88	2,23
2,91	2,46
2,94	2,65
2,97	2,88
3,00	3,03
3,02	3,18
3,06	3,33
3,08	3,48
3,12	3,62
3,14	3,73
3,17	3,88
3,20	3,99
3,23	4,11
3,25	4,23
3,29	4,35
3,31	4,49
3,35	4,58
3,37	4,65
3,40	4,75
3,43	4,84
3,46	4,91
3,49	4,98
3,52	4,86
3,54	4,82
3,57	4,59
3,60	4,42
3,63	4,29
3,66	4,09
3,69	3,90
3,71	3,67
3,75	3,46
3,78	3,21
3,81	3,03
3,83	2,81
3,86	2,58
3,89	2,38
3,92	2,21
3,95	2,01
3,98	1,80
4,00	1,60
4,04	1,38
4,06	1,19
4,09	0,99
4,12	0,82
4,15	0,63
4,17	0,49
4,21	0,33
4,24	0,20
4,26	0,14
4,29	0,07
4,32	0,07
4,35	0,14
4,38	0,24
4,41	0,43
4,43	0,58
4,46	0,68
4,49	0,78
4,52	0,90
4,55	1,13
4,58	1,36
4,61	1,64
4,63	1,80
4,66	2,00
4,69	2,19
4,72	2,42
4,75	2,60
4,78	2,83
4,80	3,02
4,83	3,23
4,86	3,44
4,89	3,66
4,92	3,90
4,95	4,08
4,97	4,30
5,00	4,50
5,04	4,71
5,06	4,95
5,09	5,12
5,12	5,38
5,14	5,47
5,17	5,66
5,21	5,78
5,24	5,88
5,26	5,97
5,29	5,97
5,32	5,99
5,34	6,01
5,37	6,01
5,40	6,00
5,43	5,92
5,46	5,87
5,49	5,78
5,51	5,68
5,54	5,57
5,57	5,49
5,60	5,36
5,63	5,22
5,66	5,07
5,68	4,91
5,71	4,72
5,74	4,58
5,77	4,39
5,79	4,17
5,83	3,96
5,85	3,75
5,88	3,58
5,91	3,35
5,93	3,13
5,96	2,98
6,00	2,83
6,02	2,70
6,05	2,64
6,08	2,65
6,11	2,56
6,13	2,40
6,16	2,29
6,20	2,33
6,22	2,27
6,25	2,34
6,27	2,38
6,29	2,43
6,33	2,44
6,36	2,44
6,39	2,55
6,42	2,67
6,45	2,75
6,47	2,85
6,50	2,96
6,53	3,08
6,55	3,23
6,58	3,42
6,61	3,71
6,64	3,71
6,67	4,11
6,70	4,09
6,72	4,28
6,75	4,53
6,78	4,75
6,80	4,96
6,83	5,19
6,87	5,38
6,89	5,66
6,92	5,88
6,95	6,08
6,97	6,27
7,00	6,45
7,03	6,67
7,06	6,83
7,08	7,08
7,11	7,18
7,14	7,38
7,17	7,51
7,20	7,58
7,22	7,77
7,25	7,84
7,28	7,95
7,31	8,03
7,33	8,13
7,36	8,13
7,39	8,22
7,42	8,25
7,45	8,27
7,47	8,27
7,50	8,29
7,53	8,27
7,55	8,28
7,58	8,19
7,61	8,13
7,64	8,09
7,67	8,13
7,70	8,07
7,72	8,09
7,75	8,05
7,78	7,98
7,80	7,92
7,83	7,83
7,86	7,82
7,88	7,84
7,92	7,82
7,92	7,79
7,92	7,82
7,92	7,77
7,92	7,79
7,92	7,77
7,92	7,79
7,92	7,75
7,92	7,93
7,92	7,75
7,92	7,98
7,92	7,74
7,92	7,74
7,92	7,74
7,92	7,72
7,92	7,72
7,92	7,74
