U_A1 / V	U_B1 / V
0,01	0,20
0,01	0,23
0,01	0,23
0,01	0,23
0,01	0,18
0,01	0,23
0,01	0,23
0,01	0,23
0,01	0,23
0,01	0,23
0,01	-0,14
0,04	0,24
0,07	0,24
0,10	0,24
0,13	0,24
0,15	0,26
0,18	0,27
0,21	0,26
0,24	0,27
0,28	0,26
0,30	0,27
0,34	0,28
0,36	0,28
0,40	0,28
0,42	0,28
0,46	0,28
0,48	0,28
0,51	0,28
0,54	0,28
0,57	0,30
0,59	0,30
0,63	0,30
0,66	0,30
0,68	0,30
0,71	0,32
0,74	0,27
0,77	0,32
0,80	0,27
0,82	0,32
0,86	0,32
0,89	0,33
0,92	0,33
0,94	0,34
0,97	0,34
1,00	0,34
1,03	0,39
1,06	0,45
1,09	0,49
1,12	0,54
1,15	0,58
1,18	0,63
1,21	0,68
1,24	0,72
1,26	0,77
1,29	0,81
1,32	0,87
1,35	0,92
1,38	0,97
1,41	1,00
1,44	1,06
1,47	1,11
1,50	1,16
1,52	1,20
1,55	1,26
1,58	1,30
1,61	1,36
1,64	1,41
1,68	1,47
1,70	1,51
1,73	1,56
1,75	1,60
1,78	1,64
1,81	1,62
1,84	1,56
1,88	1,47
1,90	1,36
1,93	1,27
1,96	1,19
1,99	1,06
2,02	0,96
2,04	0,85
2,07	0,77
2,10	0,69
2,13	0,61
2,16	0,53
2,19	0,47
2,22	0,41
2,25	0,36
2,27	0,33
2,30	0,28
2,33	0,26
2,36	0,18
2,39	0,21
2,42	0,14
2,44	0,15
2,47	0,14
2,50	0,14
2,53	0,12
2,56	0,12
2,59	0,12
2,62	0,12
2,65	0,14
2,67	0,20
2,71	0,34
2,73	0,61
2,76	0,90
2,79	1,14
2,81	1,29
2,85	1,43
2,88	1,57
2,90	1,75
2,94	1,92
2,96	2,08
2,99	2,22
3,02	2,34
3,04	2,48
3,08	2,60
3,10	2,70
3,13	2,81
3,16	2,91
3,19	3,02
3,22	3,12
3,25	3,21
3,27	3,31
3,30	3,40
3,33	3,50
3,36	3,58
3,39	3,67
3,42	3,73
3,45	3,83
3,48	3,88
3,50	3,90
3,53	3,88
3,56	3,79
3,59	3,67
3,62	3,56
3,65	3,44
3,67	3,31
3,71	3,17
3,73	3,00
3,76	2,85
3,79	2,67
3,81	2,52
3,85	2,35
3,88	2,17
3,90	2,02
3,93	1,86
3,96	1,73
3,99	1,54
4,01	1,43
4,04	1,26
4,07	1,11
4,09	0,97
4,13	0,81
4,16	0,66
4,18	0,54
4,21	0,41
4,24	0,32
4,27	0,21
4,30	0,15
4,33	0,10
4,36	0,12
4,38	0,24
4,41	0,38
4,43	0,53
4,46	0,61
4,50	0,69
4,52	0,77
4,55	0,90
4,58	1,09
4,61	1,29
4,63	1,49
4,66	1,65
4,69	1,80
4,72	1,97
4,75	2,15
4,78	2,31
4,80	2,49
4,83	2,64
4,86	2,82
4,89	2,97
4,92	3,18
4,95	3,31
4,97	3,51
5,00	3,69
5,03	3,87
5,06	4,05
5,08	4,16
5,12	4,37
5,14	4,51
5,17	4,63
5,20	4,82
5,23	4,92
5,25	4,95
5,29	5,01
5,31	5,04
5,34	5,07
5,37	5,05
5,39	5,04
5,42	5,03
5,45	5,00
5,48	4,95
5,51	4,62
5,54	4,75
5,57	4,71
5,59	4,58
5,62	4,46
5,65	4,41
5,67	4,25
5,71	4,09
5,73	3,96
5,76	3,84
5,79	3,67
5,82	3,50
5,84	3,33
5,87	3,21
5,90	3,04
5,93	2,83
5,96	2,70
5,98	2,50
6,01	2,34
6,04	2,33
6,07	2,29
6,09	2,27
6,13	2,21
6,15	2,06
6,17	2,01
6,21	1,95
6,24	1,98
6,26	2,02
6,29	2,07
6,32	2,07
6,34	2,06
6,37	2,08
6,40	2,19
6,43	2,27
6,46	2,31
6,48	2,40
6,51	2,50
6,54	2,60
6,57	2,69
6,59	2,83
6,62	3,00
6,65	3,08
6,68	3,27
6,71	3,40
6,73	3,56
6,76	3,73
6,79	3,93
6,82	4,13
6,84	4,32
6,87	4,47
6,90	4,70
6,92	4,84
6,96	5,04
6,99	5,16
7,01	5,31
7,04	5,49
7,07	5,55
7,09	5,80
7,12	5,92
7,14	6,03
7,17	6,18
7,21	6,29
7,23	6,32
7,25	6,43
7,29	6,54
7,31	6,58
7,34	6,66
7,37	6,75
7,39	6,78
7,42	6,81
7,45	6,83
7,48	6,84
7,50	6,83
7,54	6,83
7,56	6,76
7,58	6,74
7,61	6,67
7,64	6,66
7,67	6,58
7,70	6,57
7,72	6,55
7,75	6,55
7,78	6,48
7,80	6,46
7,83	6,38
7,86	6,32
7,88	6,25
7,92	6,30
7,92	6,29
7,92	6,25
7,92	6,25
7,92	6,22
7,92	6,25
7,92	6,27
7,92	6,22
7,92	6,25
7,92	6,22
7,92	6,24
7,92	6,22
