U_A1 / V	U_B1 / V
0,01	-0,14
0,01	-0,14
0,01	-0,14
0,01	-0,14
0,01	-0,14
0,01	-0,14
0,01	-0,14
0,01	-0,14
0,01	-0,14
0,01	-0,14
0,01	-0,14
0,01	-0,14
0,01	-0,14
0,04	-0,14
0,06	-0,15
0,09	-0,14
0,12	-0,14
0,15	-0,14
0,18	-0,14
0,21	-0,14
0,24	-0,14
0,27	-0,14
0,30	-0,14
0,33	-0,14
0,35	-0,14
0,39	-0,14
0,41	-0,14
0,45	-0,14
0,47	-0,14
0,51	-0,14
0,54	-0,14
0,56	-0,14
0,59	-0,14
0,62	-0,14
0,65	-0,14
0,68	-0,12
0,71	-0,12
0,74	-0,12
0,77	-0,12
0,80	-0,12
0,82	-0,12
0,85	-0,09
0,89	-0,01
0,91	0,07
0,94	0,18
0,97	0,26
1,00	0,38
1,03	0,47
1,06	0,53
1,08	0,61
1,12	0,69
1,15	0,78
1,18	0,85
1,21	0,92
1,24	0,99
1,26	1,05
1,29	1,13
1,32	1,19
1,35	1,26
1,38	1,32
1,41	1,40
1,44	1,46
1,47	1,51
1,50	1,59
1,52	1,65
1,55	1,73
1,58	1,78
1,61	1,84
1,64	1,91
1,67	1,98
1,70	2,02
1,73	2,07
1,75	2,07
1,78	2,06
1,81	1,95
1,84	1,73
1,87	1,57
1,90	1,33
1,93	1,20
1,96	1,02
1,99	0,81
2,02	0,61
2,04	0,47
2,07	0,32
2,10	0,18
2,13	0,09
2,16	0,00
2,19	-0,06
2,21	-0,09
2,25	-0,12
2,27	-0,12
2,31	-0,14
2,33	-0,14
2,36	-0,14
2,39	-0,15
2,42	-0,14
2,44	-0,14
2,48	-0,14
2,50	-0,14
2,53	-0,09
2,56	0,23
2,60	0,58
2,62	0,87
2,65	1,09
2,67	1,33
2,71	1,54
2,73	1,81
2,77	2,07
2,79	2,28
2,82	2,49
2,85	2,69
2,88	2,83
2,90	3,02
2,94	3,18
2,96	3,31
2,99	3,45
3,02	3,58
3,05	3,72
3,08	3,85
3,10	3,96
3,13	4,09
3,17	4,23
3,19	4,32
3,22	4,42
3,25	4,54
3,27	4,65
3,31	4,74
3,33	4,84
3,36	4,92
3,40	5,03
3,42	5,04
3,44	5,01
3,48	5,07
3,51	4,95
3,54	4,89
3,56	4,70
3,59	4,49
3,63	4,29
3,65	4,07
3,67	3,87
3,71	3,63
3,73	3,38
3,77	3,13
3,79	2,90
3,81	2,65
3,85	2,44
3,88	2,23
3,90	2,01
3,94	1,81
3,96	1,64
4,00	1,43
4,02	1,22
4,05	1,03
4,08	0,85
4,11	0,66
4,13	0,51
4,16	0,43
4,19	0,47
4,21	0,60
4,25	0,82
4,28	0,93
4,30	1,00
4,33	1,06
4,36	1,19
4,39	1,36
4,42	1,60
4,45	1,81
4,47	2,06
4,50	2,22
4,53	2,43
4,56	2,61
4,59	2,83
4,62	3,08
4,64	3,27
4,67	3,48
4,70	3,71
4,72	3,94
4,75	4,13
4,79	4,37
4,81	4,58
4,84	4,80
4,87	5,03
4,90	5,24
4,92	5,46
4,95	5,67
4,98	5,89
5,01	6,00
5,04	6,30
5,07	6,38
5,09	6,69
5,13	6,86
5,15	7,02
5,18	7,17
5,21	7,26
5,24	7,30
5,26	7,32
5,29	7,30
5,32	7,33
5,35	7,32
5,38	7,29
5,41	7,20
5,43	7,11
5,46	6,99
5,49	6,88
5,52	6,76
5,54	6,62
5,58	6,50
5,60	6,34
5,63	6,18
5,66	6,00
5,68	5,82
5,71	5,64
5,74	5,42
5,77	5,24
5,80	5,05
5,83	4,86
5,85	4,75
5,88	4,72
5,91	4,68
5,93	4,61
5,96	4,47
5,99	4,37
6,02	4,29
6,04	4,28
6,08	4,32
6,11	4,35
6,13	4,39
6,16	4,41
6,19	4,42
6,21	4,47
6,25	4,54
6,27	4,65
6,30	4,79
6,33	4,88
6,36	5,00
6,38	5,16
6,42	5,28
6,44	5,45
6,47	5,64
6,50	5,82
6,53	6,01
6,55	6,08
6,58	6,43
6,61	6,48
6,63	6,87
6,66	7,13
6,69	7,37
6,71	7,63
6,75	7,91
6,78	8,18
6,80	8,46
6,83	8,70
6,86	9,00
6,88	9,27
6,91	9,51
6,93	9,79
6,96	10,01
7,00	10,21
7,02	10,43
7,05	10,65
7,08	10,88
7,11	11,04
7,13	11,19
7,16	11,34
7,19	11,47
7,21	11,64
7,24	11,74
7,27	11,85
7,30	11,96
7,33	12,03
7,35	12,11
7,38	12,13
7,41	12,18
7,43	12,21
7,46	12,24
7,49	12,26
7,51	12,30
7,55	12,40
7,57	12,46
7,60	12,48
7,63	12,49
7,66	12,49
7,68	12,46
7,71	12,49
7,74	12,64
7,76	12,77
7,79	12,88
7,82	12,95
7,85	12,97
7,88	13,02
7,91	13,04
7,93	13,04
7,92	13,04
7,93	13,02
7,92	13,04
7,93	13,04
7,93	13,04
7,92	13,04
7,92	13,04
7,93	13,04
7,92	13,04
