U_A1 / V	U_B1 / V
0,01	0,24
0,01	0,23
0,01	0,26
0,01	0,24
0,01	0,24
0,01	0,23
0,01	0,24
0,01	-0,01
0,04	0,27
0,07	0,28
0,10	0,27
0,13	0,27
0,16	0,27
0,19	0,27
0,21	0,27
0,25	0,28
0,28	0,28
0,30	0,28
0,33	0,28
0,36	0,28
0,40	0,28
0,42	0,28
0,46	0,27
0,48	0,28
0,51	0,26
0,54	0,28
0,57	0,28
0,60	0,28
0,63	0,28
0,66	0,28
0,69	0,28
0,72	0,28
0,74	0,28
0,78	0,28
0,81	0,27
0,83	0,27
0,86	0,28
0,89	0,28
0,93	0,28
0,95	0,27
0,98	0,27
1,00	0,28
1,04	0,27
1,06	0,27
1,09	0,28
1,13	0,30
1,16	0,30
1,19	0,28
1,21	0,32
1,24	0,30
1,27	0,32
1,30	0,32
1,33	0,33
1,36	0,34
1,39	0,36
1,42	0,38
1,45	0,41
1,48	0,42
1,50	0,43
1,53	0,47
1,56	0,49
1,59	0,48
1,62	0,49
1,65	0,56
1,68	0,56
1,71	0,60
1,74	0,61
1,76	0,65
1,79	0,68
1,82	0,68
1,85	0,66
1,88	0,63
1,91	0,61
1,94	0,54
1,97	0,51
2,00	0,49
2,02	0,43
2,06	0,39
2,08	0,34
2,11	0,21
2,14	0,26
2,17	0,10
2,19	0,20
2,23	0,18
2,25	0,14
2,28	0,12
2,31	0,09
2,34	0,06
2,37	0,04
2,40	0,03
2,43	0,00
2,46	-0,01
2,48	0,00
2,51	-0,03
2,54	-0,04
2,57	-0,03
2,60	-0,04
2,63	-0,04
2,65	-0,04
2,69	-0,01
2,71	0,03
2,75	0,17
2,77	0,34
2,80	0,49
2,83	0,60
2,86	0,70
2,88	0,75
2,92	0,85
2,94	0,97
2,97	1,08
3,00	1,16
3,03	1,26
3,06	1,33
3,09	1,43
3,11	1,50
3,15	1,56
3,17	1,62
3,20	1,71
3,23	1,77
3,25	1,84
3,29	1,94
3,31	1,98
3,34	2,02
3,37	2,12
3,40	2,17
3,42	2,23
3,46	2,28
3,48	2,27
3,52	2,35
3,54	2,37
3,57	2,27
3,60	2,22
3,63	2,15
3,65	2,08
3,69	2,01
3,71	1,75
3,75	1,81
3,77	1,50
3,80	1,56
3,83	1,44
3,86	1,33
3,88	1,23
3,92	1,14
3,94	1,03
3,97	0,93
4,00	0,82
4,03	0,70
4,05	0,60
4,08	0,49
4,12	0,39
4,14	0,27
4,17	0,20
4,20	0,10
4,22	0,01
4,25	-0,04
4,28	-0,07
4,31	-0,10
4,34	-0,12
4,37	-0,12
4,39	-0,10
4,42	-0,04
4,46	0,06
4,48	0,10
4,50	0,17
4,54	0,23
4,57	0,30
4,59	0,42
4,63	0,58
4,65	0,69
4,67	0,80
4,71	0,92
4,74	1,03
4,76	1,16
4,79	1,29
4,82	1,41
4,84	1,51
4,88	1,65
4,91	1,78
4,93	1,91
4,96	2,06
4,99	2,17
5,01	2,31
5,04	2,43
5,07	2,56
5,09	2,70
5,13	2,83
5,16	2,97
5,18	3,06
5,21	3,15
5,24	3,23
5,27	3,24
5,29	3,33
5,33	3,29
5,35	3,38
5,38	3,39
5,41	3,39
5,43	3,36
5,47	3,35
5,50	3,30
5,52	3,24
5,55	3,19
5,58	3,13
5,60	3,08
5,63	2,98
5,67	2,91
5,68	2,82
5,72	2,73
5,75	2,61
5,77	2,50
5,80	2,40
5,83	2,28
5,86	2,15
5,88	2,02
5,91	1,89
5,94	1,77
5,97	1,64
6,00	1,51
6,02	1,41
6,05	1,35
6,08	1,32
6,11	1,30
6,14	1,25
6,16	1,19
6,19	1,13
6,22	1,06
6,25	1,08
6,28	1,11
6,30	1,16
6,33	1,17
6,36	1,19
6,38	1,20
6,42	1,25
6,44	1,29
6,47	1,35
6,50	1,43
6,53	1,50
6,55	1,59
6,58	1,67
6,61	1,75
6,63	1,86
6,67	1,98
6,69	2,10
6,72	2,22
6,75	2,34
6,78	2,49
6,80	2,67
6,83	2,75
6,86	2,98
6,88	3,06
6,92	3,24
6,94	3,33
6,97	3,46
7,00	3,60
7,02	3,71
7,05	3,85
7,08	3,98
7,11	4,08
7,13	4,17
7,16	4,28
7,19	4,37
7,21	4,44
7,25	4,51
7,27	4,61
7,30	4,67
7,33	4,71
7,36	4,75
7,38	4,80
7,41	4,82
7,43	4,84
7,46	4,86
7,50	4,86
7,52	4,86
7,54	4,83
7,57	4,82
7,60	4,80
7,63	4,75
7,66	4,72
7,68	4,67
7,71	4,63
7,74	4,63
7,77	4,61
7,79	4,58
7,82	4,53
7,85	4,47
7,88	4,42
7,91	4,39
7,92	4,37
7,92	4,37
7,92	4,35
7,92	4,35
7,92	4,37
7,92	4,35
7,92	4,37
7,92	4,35
7,92	4,37
7,92	4,35
7,92	4,35
7,92	4,35
7,92	4,35
7,92	4,37
7,92	4,50
