U_A1 / V	U_B1 / V
0,01	0,01
0,01	-0,01
0,01	-0,01
0,01	-0,01
0,01	0,01
0,01	-0,01
0,01	-0,07
0,04	-0,01
0,07	0,00
0,10	0,01
0,13	0,00
0,16	0,00
0,19	0,00
0,22	0,01
0,24	0,00
0,28	0,01
0,30	0,04
0,34	0,01
0,36	0,01
0,40	0,03
0,42	0,01
0,46	0,01
0,48	0,01
0,51	0,04
0,54	0,01
0,57	0,01
0,60	0,01
0,63	0,03
0,66	0,01
0,69	0,06
0,71	0,06
0,74	0,17
0,78	0,03
0,80	0,15
0,83	0,01
0,86	0,01
0,89	0,01
0,92	0,04
0,94	0,14
0,97	0,28
1,00	0,47
1,03	0,54
1,06	0,65
1,09	0,75
1,12	0,82
1,16	0,90
1,18	1,06
1,21	1,11
1,24	1,19
1,26	1,25
1,30	1,30
1,32	1,41
1,35	1,44
1,39	1,50
1,42	1,56
1,45	1,67
1,47	1,70
1,50	1,80
1,53	1,89
1,56	1,91
1,59	1,97
1,62	2,02
1,65	2,08
1,68	2,15
1,70	2,21
1,73	2,23
1,76	2,28
1,79	2,25
1,82	2,12
1,84	1,98
1,88	1,77
1,91	1,59
1,93	1,46
1,96	1,25
1,99	1,08
2,02	0,85
2,04	0,69
2,08	0,58
2,10	0,42
2,13	0,32
2,16	0,17
2,19	0,07
2,21	0,01
2,25	-0,03
2,27	-0,01
2,31	-0,04
2,33	-0,04
2,37	-0,09
2,39	-0,06
2,42	-0,07
2,44	-0,07
2,48	-0,09
2,50	-0,10
2,53	-0,09
2,56	-0,10
2,60	-0,09
2,62	-0,06
2,65	0,18
2,68	0,57
2,71	0,89
2,73	1,16
2,76	1,35
2,79	1,64
2,83	1,81
2,85	2,02
2,88	2,27
2,91	2,44
2,94	2,65
2,96	2,87
2,99	2,98
3,02	3,12
3,05	3,25
3,08	3,38
3,10	3,56
3,14	3,67
3,17	3,79
3,19	3,90
3,22	4,02
3,25	4,14
3,28	4,25
3,31	4,41
3,33	4,51
3,37	4,56
3,39	4,70
3,42	4,74
3,45	4,82
3,48	4,83
3,51	4,83
3,53	4,70
3,56	4,50
3,59	4,28
3,62	4,14
3,65	4,00
3,67	3,75
3,71	3,52
3,73	3,29
3,77	3,12
3,79	2,88
3,82	2,65
3,85	2,43
3,88	2,19
3,90	1,97
3,94	2,00
3,96	1,60
3,99	1,38
4,02	1,17
4,04	0,97
4,08	0,82
4,11	0,61
4,13	0,47
4,16	0,28
4,19	0,07
4,21	-0,01
4,24	-0,07
4,28	-0,09
4,30	-0,04
4,33	0,10
4,36	0,34
4,38	0,48
4,42	0,54
4,44	0,68
4,47	0,77
4,50	1,00
4,53	1,20
4,55	1,46
4,58	1,70
4,61	1,83
4,63	2,08
4,67	2,28
4,70	2,46
4,72	2,70
4,75	2,92
4,78	3,10
4,81	3,33
4,83	3,54
4,87	3,78
4,89	3,94
4,92	4,21
4,95	4,41
4,98	4,58
5,00	4,83
5,04	5,01
5,07	5,24
5,09	5,43
5,12	5,63
5,14	5,83
5,17	5,96
5,21	6,12
5,23	6,17
5,26	6,21
5,29	6,30
5,32	6,30
5,34	6,27
5,37	6,29
5,40	6,22
5,43	6,17
5,45	6,09
5,49	6,22
5,51	5,94
5,54	6,04
5,57	5,67
5,59	5,54
5,63	5,38
5,65	5,24
5,68	5,08
5,71	4,91
5,74	4,71
5,76	4,56
5,79	4,35
5,82	4,13
5,84	3,92
5,88	3,71
5,90	3,50
5,93	3,35
5,96	3,21
5,99	3,13
6,01	3,12
6,04	3,00
6,07	2,96
6,09	2,83
6,13	2,76
6,15	2,71
6,18	2,75
6,21	2,83
6,23	2,83
6,26	2,87
6,29	2,88
6,32	2,96
6,34	3,02
6,38	3,10
6,41	3,24
6,43	3,36
6,46	3,50
6,49	3,58
6,51	3,78
6,54	3,93
6,58	4,07
6,59	4,29
6,63	4,46
6,66	4,68
6,68	4,88
6,71	5,12
6,74	5,33
6,76	5,59
6,79	5,80
6,82	6,06
6,85	6,34
6,88	6,58
6,91	6,81
6,93	7,05
6,96	7,28
6,99	7,49
7,01	7,92
7,04	7,92
7,07	8,12
7,09	8,28
7,13	8,45
7,15	8,65
7,18	8,79
7,21	8,87
7,24	9,03
7,25	9,12
7,29	9,22
7,32	9,33
7,34	9,40
7,37	9,46
7,39	9,49
7,42	9,59
7,45	9,55
7,48	9,59
7,50	9,60
7,54	9,59
7,56	9,57
7,59	9,54
7,62	9,53
7,64	9,54
7,67	9,57
7,70	9,55
7,72	9,53
7,75	9,46
7,78	9,40
7,81	9,44
7,83	9,42
7,87	9,48
7,89	9,51
7,92	9,49
7,92	9,45
7,92	9,46
7,92	9,48
7,92	9,46
7,92	9,46
7,92	9,46
7,92	9,45
7,92	9,45
7,92	9,46
7,92	9,53
7,92	9,48
7,92	9,44
7,92	9,44
7,92	9,46
7,92	9,49
