U_A1 / V	U_B1 / V
0,01	0,10
0,01	0,09
0,01	0,09
0,01	0,09
0,01	0,10
0,01	0,09
0,01	0,10
0,01	0,12
0,03	0,09
0,06	0,10
0,09	0,10
0,12	0,12
0,15	0,14
0,18	0,12
0,21	0,14
0,24	0,17
0,27	0,14
0,29	0,17
0,33	0,17
0,35	0,18
0,39	0,17
0,41	0,17
0,45	0,18
0,47	0,18
0,51	0,20
0,53	0,20
0,56	0,20
0,59	0,23
0,62	0,21
0,65	0,23
0,68	0,21
0,71	0,23
0,73	0,23
0,77	0,23
0,80	0,26
0,82	0,24
0,85	0,24
0,88	0,26
0,91	0,28
0,94	0,39
0,97	0,81
1,00	1,35
1,02	1,81
1,06	2,12
1,08	2,38
1,11	2,61
1,15	2,81
1,17	2,98
1,20	3,21
1,23	3,29
1,26	3,48
1,29	3,54
1,32	3,65
1,35	3,75
1,38	3,88
1,41	3,96
1,44	4,05
1,46	4,14
1,50	4,25
1,52	4,33
1,55	4,41
1,58	4,51
1,60	4,62
1,64	4,68
1,67	4,79
1,70	4,84
1,73	4,88
1,75	4,80
1,78	4,62
1,81	4,28
1,84	3,92
1,87	3,56
1,90	3,18
1,93	2,82
1,96	2,44
1,99	2,08
2,01	1,75
2,04	1,44
2,07	1,19
2,10	0,94
2,13	0,75
2,16	0,58
2,19	0,43
2,21	0,33
2,25	0,24
2,27	0,15
2,30	0,09
2,33	0,04
2,36	0,01
2,39	-0,03
2,42	-0,04
2,44	-0,06
2,48	-0,07
2,50	-0,07
2,53	-0,07
2,56	-0,07
2,59	-0,07
2,62	0,03
2,65	0,34
2,67	1,00
2,71	1,67
2,73	2,17
2,77	2,54
2,79	2,87
2,83	3,15
2,85	3,56
2,88	3,96
2,90	4,29
2,93	4,56
2,96	4,83
2,99	5,07
3,02	5,29
3,05	5,54
3,08	5,73
3,11	5,92
3,13	6,12
3,17	6,32
3,19	6,50
3,23	6,66
3,25	6,84
3,27	7,00
3,31	7,14
3,33	7,29
3,37	7,42
3,39	7,56
3,42	7,65
3,45	7,68
3,48	7,63
3,50	7,49
3,54	7,21
3,56	6,95
3,59	6,67
3,62	6,41
3,65	6,11
3,67	5,78
3,71	5,42
3,73	5,05
3,76	4,70
3,79	4,38
3,82	4,04
3,85	3,72
3,88	3,42
3,91	3,10
3,94	2,79
3,96	2,49
3,99	2,17
4,02	1,88
4,04	1,59
4,08	1,29
4,11	1,02
4,13	0,77
4,17	0,53
4,19	0,32
4,22	0,15
4,25	0,04
4,28	-0,01
4,30	0,06
4,33	0,26
4,36	0,56
4,39	0,75
4,42	0,97
4,45	1,03
4,47	1,30
4,50	1,59
4,53	1,97
4,56	2,31
4,58	2,63
4,62	2,92
4,64	3,21
4,67	3,51
4,70	3,84
4,72	4,17
4,75	4,47
4,79	4,79
4,81	5,08
4,84	5,42
4,87	5,73
4,89	6,04
4,92	6,36
4,95	6,67
4,98	6,97
5,01	7,30
5,04	7,61
5,07	7,91
5,09	8,18
5,12	8,46
5,15	8,64
5,17	8,88
5,21	9,03
5,24	9,12
5,26	9,11
5,29	9,21
5,32	9,21
5,35	9,22
5,38	9,20
5,41	9,12
5,43	9,00
5,46	8,88
5,49	8,69
5,51	8,55
5,54	8,40
5,58	8,23
5,60	8,03
5,63	7,80
5,66	7,58
5,68	7,33
5,71	7,08
5,74	6,81
5,77	6,51
5,79	6,22
5,83	5,91
5,85	5,61
5,88	5,28
5,91	5,00
5,93	4,59
5,96	4,51
5,99	4,26
6,02	4,42
6,05	4,29
6,08	4,21
6,10	4,07
6,13	3,92
6,16	3,93
6,19	3,96
6,21	4,08
6,24	4,14
6,27	4,21
6,29	4,23
6,33	4,32
6,35	4,46
6,38	4,61
6,42	4,82
6,44	5,01
6,47	5,16
6,50	5,40
6,52	5,66
6,55	5,96
6,58	6,20
6,61	6,50
6,63	6,81
6,66	7,16
6,69	7,51
6,71	7,91
6,75	8,29
6,77	8,63
6,80	9,03
6,83	9,46
6,86	9,90
6,88	10,32
6,91	10,74
6,93	11,14
6,96	11,54
7,00	11,88
7,02	12,27
7,05	12,68
7,08	13,04
7,11	13,04
7,13	13,04
7,16	13,04
7,18	13,04
7,21	13,04
7,24	13,04
7,27	13,04
7,29	13,02
7,32	13,04
7,35	13,02
7,38	13,04
7,41	13,04
7,43	13,04
7,46	13,04
7,49	13,04
7,51	13,04
7,54	13,04
7,57	13,04
7,60	13,04
7,63	13,04
7,66	13,04
7,68	13,04
7,71	13,04
7,74	13,04
7,76	13,04
7,79	13,04
7,82	13,04
7,84	13,04
7,88	13,04
7,90	13,04
7,92	13,04
7,92	13,04
7,92	13,04
7,92	13,04
7,92	13,04
7,92	13,04
7,92	13,04
7,92	13,04
7,92	13,04
7,92	13,02
7,92	13,04
7,92	13,04
7,92	13,04
7,92	13,04
7,92	13,04
