U_A1 / V	U_B1 / V
0,002	0,17
0,000	0,12
0,002	0,15
0,003	0,12
0,002	0,06
0,002	0,15
0,003	0,12
0,003	0,10
0,002	0,14
0,002	0,12
0,020	0,18
0,050	0,23
0,078	0,26
0,106	0,28
0,135	0,33
0,165	0,34
0,194	0,38
0,222	0,43
0,251	0,53
0,279	0,56
0,306	0,49
0,336	0,43
0,363	0,42
0,392	0,48
0,421	0,51
0,449	0,54
0,477	0,58
0,504	0,65
0,532	0,70
0,559	0,80
0,590	0,92
0,615	1,06
0,643	1,22
0,672	1,40
0,699	1,59
0,726	1,75
0,756	1,67
0,783	1,30
0,811	1,06
0,839	1,00
0,867	0,93
0,894	0,99
0,921	1,03
0,950	1,14
0,977	1,30
1,005	1,44
1,034	1,67
1,061	1,94
1,087	2,21
1,116	2,54
1,143	2,88
1,171	3,27
1,200	3,57
1,227	3,46
1,254	2,88
1,282	2,28
1,310	2,01
1,337	1,75
1,363	1,68
1,392	1,75
1,421	1,88
1,449	2,07
1,476	2,15
1,503	2,58
1,532	2,90
1,559	3,31
1,587	3,78
1,614	4,28
1,641	4,84
1,668	5,36
1,695	5,58
1,724	5,17
1,750	4,53
1,778	3,99
1,804	3,36
1,831	2,97
1,860	2,87
1,887	2,81
1,915	2,96
1,942	3,18
1,970	3,50
1,998	3,88
2,026	4,37
2,055	4,98
2,079	5,66
2,106	6,41
2,136	7,21
2,163	7,83
2,188	8,00
2,217	7,62
2,244	7,09
2,272	6,33
2,300	5,50
2,328	5,07
2,353	4,70
2,381	4,58
2,409	4,68
2,434	4,74
2,463	5,03
2,491	5,46
2,515	6,01
2,544	6,63
2,571	7,32
2,598	8,16
2,625	8,91
2,654	9,51
2,680	9,77
2,708	9,86
2,735	9,29
2,761	8,78
2,788	8,01
2,816	7,42
2,842	6,96
2,871	6,84
2,900	6,66
2,925	6,78
2,950	6,92
2,978	7,23
3,006	7,77
3,031	8,29
3,060	9,07
3,064	9,88
3,064	10,62
3,064	11,27
3,064	11,47
3,064	11,52
3,064	11,54
3,064	11,54
3,064	11,51
3,064	11,93
3,064	11,51
3,064	11,85
3,064	11,82
3,064	11,58
3,064	11,97
3,064	11,28
3,064	11,87
3,064	11,84
3,064	11,60
3,064	11,96
3,064	11,46
3,064	11,87
3,064	11,80
