U_A1 / V	U_B1 / V
0,002	0,09
0,000	0,15
0,002	0,14
0,003	0,14
0,002	0,14
0,000	0,12
0,002	0,09
0,000	0,10
0,002	0,09
0,002	0,10
0,002	0,10
0,000	0,10
0,002	0,10
0,002	0,15
0,002	0,15
0,002	0,15
0,002	0,17
0,003	0,10
0,002	0,12
0,006	-0,09
0,033	0,14
0,061	0,17
0,093	0,20
0,121	0,23
0,150	0,27
0,177	0,28
0,205	0,38
0,234	0,43
0,264	0,49
0,292	0,53
0,323	0,43
0,351	0,38
0,380	0,38
0,408	0,38
0,433	0,41
0,464	0,43
0,492	0,47
0,519	0,54
0,547	0,65
0,576	0,70
0,603	0,84
0,630	0,94
0,658	1,08
0,685	1,25
0,714	1,43
0,743	1,56
0,771	1,46
0,799	1,13
0,827	0,90
0,855	0,77
0,883	0,73
0,910	0,75
0,939	0,80
0,966	0,87
0,993	0,97
1,023	1,13
1,050	1,32
1,077	1,56
1,104	1,81
1,133	2,12
1,161	2,46
1,188	2,82
1,215	3,09
1,244	2,97
1,272	2,43
1,299	1,91
1,327	1,53
1,356	1,22
1,383	1,11
1,411	1,13
1,437	1,22
1,464	1,38
1,494	1,60
1,521	1,88
1,550	2,17
1,578	2,63
1,603	3,06
1,632	3,56
1,659	4,07
1,686	4,50
1,716	4,62
1,742	4,23
1,770	3,62
1,797	2,97
1,825	2,35
1,851	1,97
1,879	1,75
1,908	1,74
1,937	1,84
1,962	2,04
1,989	2,29
2,018	2,70
2,045	3,10
2,073	3,65
2,100	4,23
2,127	4,91
2,155	5,58
2,184	6,08
2,209	6,18
2,236	5,94
2,265	5,37
2,291	4,59
2,319	3,88
2,348	3,31
2,374	2,90
2,403	2,83
2,430	2,76
2,455	2,92
2,484	3,24
2,511	3,67
2,538	4,21
2,565	4,89
2,594	5,59
2,622	6,39
2,647	7,13
2,675	7,68
2,703	7,91
2,730	7,88
2,757	7,39
2,785	6,67
2,811	5,97
2,840	5,28
2,866	4,80
2,893	4,46
2,921	4,33
2,947	4,37
2,976	4,54
3,002	4,91
3,029	5,43
3,057	6,12
3,064	7,02
3,064	7,79
3,064	9,95
3,064	8,91
3,064	8,89
3,064	8,89
3,064	8,89
3,064	8,91
3,064	8,89
3,064	8,88
3,064	8,88
3,064	8,85
3,064	8,85
3,064	8,85
3,064	8,87
3,064	8,85
3,064	8,87
3,064	8,87
3,064	8,85
3,064	8,88
3,064	8,84
3,064	8,88
3,064	8,85
3,064	8,85
3,064	8,85
3,064	8,87
3,064	8,87
3,064	8,87
3,064	8,87
3,064	8,88
3,064	8,87
3,064	8,88
3,064	8,89
3,064	8,89
3,064	8,89
3,064	8,88
3,064	8,88
3,064	8,79
3,064	8,31
3,064	8,58
3,064	8,89
3,064	8,31
3,064	8,79
3,064	8,16
3,064	8,49
