U_A1 / V	U_B1 / V
0,003	0,20
0,002	0,21
0,002	0,21
0,000	0,14
0,002	0,14
0,000	0,15
0,002	0,14
0,002	0,12
0,017	0,12
0,045	0,20
0,073	0,21
0,102	0,26
0,131	0,28
0,158	0,32
0,184	0,38
0,214	0,45
0,244	0,51
0,272	0,49
0,298	0,53
0,327	0,47
0,355	0,49
0,383	0,49
0,409	0,53
0,440	0,56
0,467	0,60
0,493	0,68
0,522	0,75
0,547	0,84
0,576	0,96
0,603	1,06
0,631	1,25
0,660	1,40
0,689	1,59
0,714	1,77
0,743	1,77
0,769	1,60
0,798	1,56
0,824	1,43
0,852	1,29
0,880	1,23
0,907	1,26
0,934	1,32
0,962	1,44
0,990	1,57
1,017	1,77
1,046	2,01
1,074	2,25
1,099	2,55
1,128	2,91
1,155	3,27
1,184	3,62
1,210	3,78
1,238	3,57
1,266	3,51
1,293	3,25
1,320	2,87
1,347	2,63
1,377	2,43
1,401	2,40
1,429	2,46
1,456	2,63
1,484	2,87
1,512	3,17
1,540	3,51
1,566	3,94
1,595	4,42
1,623	4,93
1,650	5,49
1,677	5,94
1,706	6,04
1,732	6,03
1,758	5,92
1,786	5,37
1,812	5,04
1,841	4,50
1,867	4,25
1,896	4,09
1,923	4,08
1,952	4,21
1,977	4,47
2,004	4,80
2,033	5,22
2,059	5,67
2,087	6,30
2,112	6,97
2,140	7,62
2,167	8,05
2,195	8,32
2,221	8,47
2,248	8,25
2,276	7,86
2,303	7,46
2,331	6,92
2,360	6,55
2,388	6,17
2,413	6,08
2,441	6,11
2,466	6,25
2,493	6,55
2,522	6,95
2,549	7,47
2,574	8,07
2,604	8,74
2,630	9,38
2,656	9,96
2,684	10,38
2,709	10,62
2,737	10,56
2,766	10,48
2,792	10,08
2,818	9,71
2,845	9,30
2,873	8,93
2,900	8,76
2,926	8,61
2,954	8,71
2,982	8,89
3,009	9,21
3,033	9,62
3,062	10,17
3,064	10,83
3,064	11,47
3,064	12,13
3,064	12,33
3,064	12,35
3,064	12,35
3,064	12,35
3,064	12,27
3,064	12,42
3,064	11,93
3,064	12,53
3,064	12,04
3,064	12,09
3,064	12,40
3,064	11,91
3,064	12,55
3,064	12,07
3,064	12,16
