U_A1 / V	U_B1 / V
0,003	-0,12
0,000	-0,14
0,002	-0,14
0,002	-0,14
0,003	5,17
0,000	-0,14
0,000	-0,12
0,003	-0,14
0,025	-0,14
0,051	-0,12
0,080	-0,10
0,110	-0,09
0,137	-0,09
0,165	-0,07
0,192	-0,04
0,221	-0,03
0,249	0,00
0,276	0,01
0,304	0,01
0,333	-0,01
0,363	-0,01
0,389	-0,03
0,417	0,00
0,446	0,01
0,472	0,01
0,500	0,04
0,528	0,07
0,555	0,10
0,584	0,18
0,611	0,28
0,639	0,39
0,666	0,54
0,695	0,69
0,722	0,82
0,749	0,97
0,775	0,84
0,804	0,58
0,831	0,42
0,860	0,34
0,888	0,27
0,915	0,26
0,942	0,28
0,969	0,32
0,996	0,39
1,024	0,49
1,053	0,61
1,080	0,81
1,109	1,02
1,134	1,32
1,163	1,54
1,190	1,95
1,216	2,17
1,245	2,10
1,270	1,71
1,299	1,32
1,327	1,00
1,355	0,78
1,381	0,66
1,409	0,61
1,437	0,66
1,464	0,69
1,491	0,82
1,518	1,02
1,546	1,27
1,573	1,56
1,602	1,91
1,627	2,33
1,656	2,81
1,681	3,24
1,710	3,46
1,738	3,33
1,766	2,96
1,792	2,46
1,821	1,94
1,848	1,54
1,873	1,27
1,901	1,14
1,929	1,11
1,958	1,16
1,984	1,32
2,013	1,56
2,038	1,84
2,064	2,27
2,092	2,75
2,119	3,31
2,147	3,92
2,175	4,46
2,200	4,75
2,229	4,72
2,257	4,44
2,284	3,94
2,312	3,35
2,338	2,81
2,364	2,37
2,393	2,13
2,420	1,94
2,446	1,94
2,475	2,04
2,502	2,25
2,527	2,61
2,554	3,09
2,582	3,66
2,608	4,20
2,637	5,03
2,664	5,50
2,691	6,08
2,718	6,24
2,745	6,11
2,772	5,68
2,800	5,17
2,825	4,59
2,853	4,04
2,880	3,65
2,909	3,30
2,934	3,15
2,961	3,17
2,988	3,25
3,014	3,54
3,041	3,93
3,064	4,49
3,064	5,14
3,064	5,87
3,064	6,55
3,064	6,58
3,064	6,55
3,064	6,58
3,064	6,58
3,064	6,58
3,064	6,50
3,064	6,25
3,064	6,92
3,064	6,54
3,064	6,32
3,064	6,83
3,064	6,34
3,064	6,92
3,064	6,57
