U_A1 / V	U_B1 / V
0,002	0,20
0,002	0,17
0,002	0,12
0,002	0,09
0,002	0,14
0,000	0,07
0,000	0,14
0,003	0,12
0,002	0,17
0,002	0,42
0,002	0,17
0,018	0,14
0,048	0,20
0,076	0,21
0,105	0,27
0,135	0,26
0,162	0,32
0,189	0,36
0,219	0,42
0,247	0,49
0,273	0,60
0,303	0,56
0,330	0,45
0,360	0,41
0,387	0,39
0,415	0,41
0,444	0,45
0,471	0,48
0,498	0,54
0,526	0,63
0,553	0,73
0,582	0,89
0,609	1,05
0,637	1,25
0,666	1,46
0,692	1,70
0,722	1,95
0,747	2,08
0,775	1,81
0,804	1,25
0,833	0,96
0,858	0,81
0,886	0,80
0,915	0,82
0,942	0,90
0,969	1,11
0,998	1,32
1,023	1,53
1,053	1,80
1,080	2,12
1,109	2,50
1,135	2,90
1,164	3,33
1,191	3,83
1,218	4,14
1,246	3,78
1,274	3,08
1,299	2,33
1,329	1,81
1,356	1,50
1,383	1,46
1,410	1,49
1,438	1,70
1,466	1,92
1,491	2,23
1,520	2,61
1,548	3,04
1,577	3,57
1,605	4,16
1,632	4,82
1,659	5,52
1,685	6,15
1,713	6,30
1,742	5,75
1,767	4,91
1,796	4,04
1,823	3,13
1,849	2,65
1,878	2,43
1,903	2,44
1,934	2,60
1,960	2,90
1,986	3,30
2,014	3,78
2,040	4,37
2,068	5,04
2,095	5,80
2,126	6,66
2,151	7,51
2,178	8,19
2,207	8,37
2,233	8,00
2,259	7,30
2,286	6,29
2,314	5,37
2,341	4,67
2,369	4,21
2,397	4,05
2,425	4,09
2,453	4,32
2,478	4,65
2,506	5,16
2,534	5,78
2,561	6,55
2,586	7,44
2,613	8,41
2,642	9,38
2,668	10,08
2,696	10,41
2,723	10,37
2,749	9,86
2,776	9,04
2,805	8,25
2,830	7,47
2,859	6,90
2,886	6,58
2,913	6,43
2,938	6,51
2,964	6,74
2,994	7,17
3,021	7,71
3,046	8,49
3,064	9,38
3,064	10,43
3,064	11,45
3,064	12,39
3,064	12,39
3,064	12,38
3,064	12,38
3,064	12,40
3,064	12,75
3,064	12,75
3,064	12,26
3,064	12,27
3,064	12,27
3,064	12,24
3,064	12,26
3,064	12,36
3,064	12,35
3,064	12,35
3,064	12,31
3,064	12,36
3,064	12,35
3,064	12,38
3,064	12,26
3,064	12,22
3,064	12,18
3,064	12,22
3,064	12,18
3,064	12,29
3,064	12,33
3,064	12,33
3,064	12,33
3,064	12,33
3,064	12,35
3,064	12,35
3,064	12,31
3,064	12,07
3,064	11,71
3,064	11,82
3,064	12,20
3,064	11,67
3,064	12,18
3,064	11,82
3,064	12,00
