U_A1 / V	U_B1 / V
0,002	0,03
0,003	0,01
0,002	0,04
0,000	0,07
0,000	0,06
0,000	0,09
0,002	0,12
0,003	0,10
0,002	0,10
0,013	0,09
0,043	0,10
0,073	0,14
0,103	0,14
0,132	0,17
0,161	0,20
0,189	0,21
0,219	0,26
0,249	0,28
0,276	0,36
0,303	0,41
0,335	0,49
0,361	0,42
0,390	0,36
0,420	0,38
0,446	0,38
0,475	0,43
0,501	0,43
0,531	0,49
0,559	0,57
0,587	0,58
0,615	0,70
0,643	0,77
0,672	0,85
0,701	0,94
0,729	1,09
0,754	1,16
0,784	1,25
0,813	1,17
0,839	0,94
0,870	0,81
0,897	0,77
0,924	0,78
0,951	0,82
0,978	0,90
1,008	0,94
1,035	1,05
1,063	1,17
1,089	1,29
1,119	1,44
1,146	1,60
1,175	1,80
1,203	2,02
1,230	2,23
1,257	2,40
1,284	2,25
1,314	1,92
1,341	1,57
1,368	1,35
1,395	1,26
1,423	1,25
1,452	1,27
1,479	1,38
1,506	1,53
1,534	1,68
1,563	1,86
1,591	2,10
1,617	2,37
1,645	2,67
1,673	2,98
1,700	3,31
1,730	3,56
1,755	3,48
1,784	3,21
1,811	2,76
1,839	2,35
1,866	2,08
1,893	1,89
1,921	1,92
1,948	1,88
1,977	2,01
2,004	2,19
2,031	2,40
2,058	2,65
2,087	2,94
2,115	3,25
2,140	3,62
2,169	4,00
2,196	4,38
2,223	4,61
2,252	4,54
2,279	4,26
2,305	3,85
2,334	3,39
2,361	3,02
2,388	2,77
2,415	2,63
2,443	2,63
2,469	2,70
2,496	2,87
2,526	3,08
2,551	3,35
2,580	3,66
2,607	4,05
2,634	4,46
2,661	4,91
2,688	5,28
2,716	5,47
2,744	5,47
2,771	5,37
2,799	4,96
2,826	4,51
2,852	4,13
2,880	3,79
2,907	3,65
2,934	3,52
2,961	3,56
2,986	3,65
3,015	3,84
3,042	4,08
3,064	4,37
3,064	4,77
3,064	5,16
3,064	5,57
3,064	5,55
3,064	5,55
3,064	5,54
3,064	5,54
3,064	5,50
3,064	5,49
3,064	5,78
3,064	5,08
3,064	5,59
3,064	5,75
3,064	5,33
3,064	5,73
3,064	5,16
