U_A1 / V	U_B1 / V
0,002	0,23
0,002	0,26
0,002	0,12
0,002	0,18
0,000	0,20
0,000	0,17
0,002	0,15
0,003	0,17
0,000	0,17
0,002	0,18
0,002	0,18
0,002	0,20
0,017	0,48
0,042	0,04
0,073	-0,07
0,099	0,41
0,126	0,41
0,156	0,49
0,184	0,57
0,211	0,68
0,240	0,84
0,269	0,82
0,297	0,69
0,324	0,54
0,351	0,54
0,381	0,51
0,409	0,58
0,435	0,58
0,465	0,72
0,493	0,75
0,519	0,94
0,547	1,06
0,575	1,30
0,602	1,50
0,630	1,83
0,657	2,13
0,685	2,52
0,713	2,81
0,740	2,85
0,768	2,21
0,795	1,50
0,822	1,16
0,851	1,00
0,877	1,03
0,906	1,11
0,933	1,27
0,960	1,44
0,986	1,77
1,016	2,06
1,041	2,55
1,071	3,02
1,097	3,56
1,125	4,16
1,155	4,82
1,181	5,40
1,209	5,70
1,234	5,10
1,262	3,88
1,292	2,92
1,319	2,23
1,345	1,91
1,373	1,84
1,399	1,98
1,427	2,23
1,455	2,56
1,484	3,03
1,509	3,54
1,539	4,14
1,566	4,88
1,593	5,67
1,619	6,55
1,645	7,50
1,675	8,27
1,701	7,77
1,728	7,72
1,755	6,38
1,784	5,16
1,809	4,07
1,837	3,44
1,866	3,12
1,891	3,15
1,921	3,33
1,948	3,72
1,974	4,18
2,001	4,86
2,030	5,61
2,055	6,51
2,085	7,49
2,111	8,56
2,138	9,64
2,164	10,41
2,193	10,56
2,220	10,06
2,245	9,16
2,272	7,88
2,301	6,75
2,329	5,88
2,355	5,38
2,384	5,19
2,409	5,24
2,436	5,54
2,465	5,92
2,490	6,57
2,518	7,32
2,546	8,29
2,571	9,40
2,599	10,63
2,627	11,84
2,654	12,75
2,680	13,04
2,709	13,04
2,737	12,62
2,763	11,65
2,788	10,70
2,817	9,75
2,844	9,12
2,871	8,71
2,898	8,55
2,925	8,60
2,952	8,84
2,979	9,36
3,006	10,10
3,033	11,09
3,060	12,27
3,064	13,05
3,064	13,04
3,064	13,04
3,064	13,05
3,064	13,05
3,064	13,05
3,064	13,05
3,064	13,05
3,064	13,04
3,064	13,04
3,064	13,05
3,064	13,04
3,064	13,05
3,064	13,05
3,064	13,04
3,064	13,05
3,064	13,04
3,064	13,04
3,064	13,05
3,064	13,05
3,064	13,04
