U_A1 / V	U_B1 / V
0,000	0,26
0,002	0,26
0,002	0,26
0,003	0,21
0,002	0,21
0,002	0,20
0,002	0,24
0,009	0,18
0,037	0,30
0,066	0,34
0,096	0,39
0,126	0,47
0,154	0,51
0,183	0,54
0,211	0,80
0,238	0,78
0,267	0,70
0,297	0,51
0,324	0,57
0,352	0,49
0,381	0,56
0,408	0,60
0,438	0,63
0,465	0,77
0,492	0,84
0,522	1,03
0,550	1,17
0,576	1,36
0,605	1,65
0,634	1,86
0,660	2,22
0,687	2,54
0,717	2,63
0,746	2,13
0,774	1,44
0,802	1,16
0,830	1,02
0,858	1,05
0,885	1,11
0,910	1,26
0,939	1,49
0,968	1,71
0,996	2,06
1,022	2,44
1,050	2,91
1,079	3,35
1,107	4,02
1,134	4,65
1,163	5,26
1,190	5,49
1,218	4,80
1,245	3,57
1,274	2,73
1,300	2,07
1,329	1,83
1,356	1,83
1,385	2,02
1,411	2,29
1,440	2,65
1,467	3,15
1,494	3,71
1,521	4,38
1,550	5,13
1,578	5,99
1,605	6,90
1,632	7,88
1,661	8,49
1,689	8,29
1,716	7,25
1,743	6,04
1,770	4,80
1,798	3,84
1,824	3,36
1,853	3,23
1,879	3,35
1,908	3,66
1,937	4,14
1,964	4,72
1,990	5,46
2,018	6,33
2,045	7,39
2,075	8,58
2,100	9,77
2,128	10,94
2,155	11,55
2,183	11,34
2,209	10,56
2,240	9,31
2,265	7,86
2,295	6,75
2,321	5,92
2,349	5,57
2,376	5,50
2,403	5,76
2,429	6,17
2,455	6,81
2,484	7,63
2,513	8,67
2,538	9,90
2,565	11,27
2,592	12,73
2,619	13,04
2,647	13,05
2,676	13,05
2,703	13,05
2,728	13,05
2,756	12,63
2,784	11,46
2,809	10,57
2,837	10,05
2,866	9,77
2,893	9,86
2,919	10,05
2,946	10,66
2,974	11,46
3,002	12,66
3,030	13,05
3,055	13,04
3,064	13,04
3,064	13,05
3,064	13,04
3,064	13,04
3,064	13,05
3,064	13,04
3,064	13,04
3,064	13,05
3,064	13,04
3,064	13,05
3,064	13,05
3,064	13,04
3,064	13,04
3,064	13,04
3,064	13,04
3,064	13,05
3,064	13,02
3,064	13,04
3,064	13,04
